New Number...

2250779769902
2250779769882
2250779769691
2250779769638
2250779769629
2250779769452
2250779769437
2250779769426
2250779769360
2250779768992
2250779768849
2250779768764
2250779768633
2250779768462
2250779768230
2250779768008
2250779767994
2250779767775
2250779767651
2250779767649
2250779767516
2250779766939
2250779766786
2250779766773
2250779766766
2250779766655
2250779766600
2250779766572
2250779766523
2250779766475
2250779766084
2250779766056
2250779765972
2250779765753
2250779765701
2250779765678
2250779765364
2250779765231
2250779765169
2250779765032
2250779765000
2250779764789
2250779764751
2250779764383
2250779764313
2250779764284
2250779764258
2250779764170
2250779764023
2250779763907
2250779763905
2250779763841
2250779763762
2250779763681
2250779763624
2250779763554
2250779763513
2250779763496
2250779763489
2250779763354
2250779763256
2250779763223
2250779763173
2250779763123
2250779763067
2250779762773
2250779762673
2250779762651
2250779762589
2250779762585
2250779762572
2250779762509
2250779762476
2250779762467
2250779762376
2250779762352
2250779762337
2250779762210
2250779762203
2250779762199
2250779762180
2250779762044
2250779761958
2250779761878
2250779761836
2250779761819
2250779761665
2250779761274
2250779761213
2250779761209
2250779761192
2250779761011
2250779760862
2250779760725
2250779760563
2250779760548
2250779760432
2250779760238
2250779760153
2250779760143
2250711469890
2250711469852
2250711469808
2250711469740
2250711469684
2250711469608
2250711469578
2250711469548
2250711469285
2250711469224
2250711469222
2250711469005
2250711468974
2250711468741
2250711468601
2250711468577
2250711468315
2250711467653
2250711467606
2250711467450
2250711467402
2250711467342
2250711467309
2250711467167
2250711467151
2250711466992
2250711466901
2250711466860
2250711466804
2250711466763
2250711466681
2250711466356
2250711466350
2250711466023
2250711465975
2250711465880
2250711465845
2250711465818
2250711465817
2250711465788
2250711465493
2250711465264
2250711465212
2250711465123
2250711464820
2250711464573
2250711464561
2250711464516
2250711464503
2250711464462
2250711464451
2250711464441
2250711464384
2250711464110
2250711464013
2250711463922
2250711463854
2250711463804
2250711463786
2250711463748
2250711463590
2250711463545
2250711463510
2250711463439
2250711463396
2250711463365
2250711463320
2250711463194
2250711463178
2250711463130
2250711463123
2250711463102
2250711463008
2250711462661
2250711462610
2250711462463
2250711462383
2250711462331
2250711462270
2250711461841
2250711461544
2250711461414
2250711461413
2250711461407
2250711461399
2250711461395
2250711461123
2250711461076
2250711461034
2250711460944
2250711460889
2250711460743
2250711460615
2250711460491
2250711460339
2250711460290
2250711460134
2250711460038
2250711460017
2250711460008
2250710269847
2250710269612
2250710269409
2250710269333
2250710268955
2250710268951
2250710268918
2250710268591
2250710268434
2250710268378
2250710268234
2250710268215
2250710268086
2250710268025
2250710268017
2250710267975
2250710267741
2250710267668
2250710267608
2250710267581
2250710267392
2250710267064
2250710267041
2250710266970
2250710266961
2250710266954
2250710266878
2250710266757
2250710266744
2250710266648
2250710266537
2250710266525
2250710266414
2250710266232
2250710266113
2250710266087
2250710266032
2250710265913
2250710265912
2250710265871
2250710265643
2250710265582
2250710265572
2250710265511
2250710265393
2250710265186
2250710265058
2250710265039
2250710264995
2250710264850
2250710264810
2250710264672
2250710264663
2250710264243
2250710264209
2250710264124
2250710264027
2250710264021
2250710263992
2250710263929
2250710263840
2250710263784
2250710263681
2250710263514
2250710263392
2250710263290
2250710263254
2250710262987
2250710262945
2250710262854
2250710262844
2250710262606
2250710262549
2250710262463
2250710262396
2250710262333
2250710262201
2250710262148
2250710262133
2250710262042
2250710262019
2250710261926
2250710261783
2250710261773
2250710261635
2250710261582
2250710261534
2250710261461
2250710261417
2250710261289
2250710261160
2250710261157
2250710261140
2250710260995
2250710260733
2250710260568
2250710260482
2250710260479
2250710260125
2250710260030
2250709629980
2250709629781
2250709629654
2250709629629
2250709629451
2250709629263
2250709629212
2250709628978
2250709628916
2250709628880
2250709628855
2250709628751
2250709628620
2250709628585
2250709628485
2250709628462
2250709628435
2250709628315
2250709628144
2250709628089
2250709628046
2250709627992
2250709627909
2250709627847
2250709627810
2250709627664
2250709627604
2250709627599
2250709627583
2250709627192
2250709626990
2250709626899
2250709626841
2250709626805
2250709626787
2250709626750
2250709626583
2250709626447
2250709626397
2250709626362
2250709626339
2250709626122
2250709625935
2250709625724
2250709625663
2250709625555
2250709625085
2250709624850
2250709624804
2250709624793
2250709624729
2250709624519
2250709624422
2250709624342
2250709624261
2250709624117
2250709624053
2250709623883
2250709623837
2250709623662
2250709623627
2250709623586
2250709623526
2250709623385
2250709623299
2250709623253
2250709623213
2250709623148
2250709622958
2250709622951
2250709622800
2250709622730
2250709622678
2250709622413
2250709622134
2250709622105
2250709622018
2250709621792
2250709621696
2250709621585
2250709621503
2250709621448
2250709621401
2250709621360
2250709621357
2250709620944
2250709620836
2250709620740
2250709620697
2250709620684
2250709620477
2250709620463
2250709620450
2250709620431
2250709620401
2250709620333
2250709620260
2250709620177
2250709620156
2250709620032
2250707769993
2250707769710
2250707769615
2250707769396
2250707769335
2250707768916
2250707768848
2250707768675
2250707768620
2250707768470
2250707768336
2250707768311
2250707768281
2250707768246
2250707768196
2250707768182
2250707768149
2250707768071
2250707767990
2250707767978
2250707767826
2250707767774
2250707767750
2250707767732
2250707767640
2250707767429
2250707767200
2250707767158
2250707767115
2250707767073
2250707767059
2250707767004
2250707766997
2250707766962
2250707766947
2250707766925
2250707766733
2250707766721
2250707766524
2250707766511
2250707766509
2250707766267
2250707766089
2250707765974
2250707765815
2250707765684
2250707765623
2250707765498
2250707765183
2250707765175
2250707765051
2250707764851
2250707764654
2250707764474
2250707764436
2250707764406
2250707764397
2250707764366
2250707764207
2250707763979
2250707763795
2250707763766
2250707763644
2250707763636
2250707763510
2250707763505
2250707763301
2250707763293
2250707763245
2250707763230
2250707763048
2250707762951
2250707762831
2250707762593
2250707762409
2250707762382
2250707762348
2250707762329
2250707761987
2250707761836
2250707761797
2250707761649
2250707761554
2250707761522
2250707761355
2250707761173
2250707760943
2250707760884
2250707760862
2250707760673
2250707760648
2250707760613
2250707760600
2250707760322
2250707760299
2250707760243
2250707760205
2250707760178
2250707760069
2250707760068
2250703389905
2250703389844
2250703389841
2250703389812
2250703389700
2250703389665
2250703389627
2250703389528
2250703389430
2250703389375
2250703389290
2250703389184
2250703389173
2250703388899
2250703388827
2250703388725
2250703388576
2250703388508
2250703388351
2250703388246
2250703388112
2250703388075
2250703387665
2250703387502
2250703387437
2250703387369
2250703387150
2250703387075
2250703387009
2250703386952
2250703386873
2250703386759
2250703386672
2250703386583
2250703386482
2250703386474
2250703386440
2250703386430
2250703386408
2250703386365
2250703386364
2250703386357
2250703386262
2250703386251
2250703386036
2250703385963
2250703385793
2250703385792
2250703385636
2250703385632
2250703385592
2250703385419
2250703385208
2250703385204
2250703385085
2250703384957
2250703384813
2250703384799
2250703384713
2250703384697
2250703384514
2250703384478
2250703384457
2250703384453
2250703384263
2250703384221
2250703384117
2250703383991
2250703383961
2250703383873
2250703383704
2250703383579
2250703383568
2250703383422
2250703383382
2250703383343
2250703382897
2250703382856
2250703382810
2250703382764
2250703382754
2250703382448
2250703382323
2250703382253
2250703382222
2250703381735
2250703381601
2250703381507
2250703381501
2250703381451
2250703381136
2250703381104
2250703381103
2250703381078
2250703380955
2250703380321
2250703380302
2250703380278
2250703380265
2250703380229
2250703169695
2250703169672
2250703169629
2250703169627
2250703169612
2250703169597
2250703169578
2250703169475
2250703169436
2250703169413
2250703169331
2250703169294
2250703169267
2250703169233
2250703169216
2250703169140
2250703169047
2250703168761
2250703168658
2250703168469
2250703168086
2250703168023
2250703167830
2250703167538
2250703167517
2250703167514
2250703167488
2250703167121
2250703167083
2250703167049
2250703167016
2250703166820
2250703166809
2250703166723
2250703166695
2250703166586
2250703166511
2250703166423
2250703166363
2250703166268
2250703166250
2250703166161
2250703166088
2250703165825
2250703165759
2250703165727
2250703165691
2250703165671
2250703165436
2250703165422
2250703165197
2250703165176
2250703165063
2250703164878
2250703164714
2250703164669
2250703164640
2250703164499
2250703164447
2250703164265
2250703164239
2250703164229
2250703164131
2250703163717
2250703163633
2250703163259
2250703163256
2250703163218
2250703163156
2250703162920
2250703162608
2250703162525
2250703162523
2250703162513
2250703162349
2250703162328
2250703162312
2250703162251
2250703162138
2250703162027
2250703161903
2250703161841
2250703161774
2250703161773
2250703161552
2250703161505
2250703161367
2250703161360
2250703161239
2250703161118
2250703161114
2250703161084
2250703160960
2250703160834
2250703160760
2250703160593
2250703160551
2250703160446
2250703160213
2250703160156
2250143219758
2250143219531
2250143219460
2250143219296
2250143219162
2250143219136
2250143218990
2250143218969
2250143218829
2250143218777
2250143218732
2250143218710
2250143218525
2250143218503
2250143218482
2250143218466
2250143218417
2250143218019
2250143217913
2250143217868
2250143217845
2250143217727
2250143217568
2250143217485
2250143217465
2250143217458
2250143217421
2250143217267
2250143216910
2250143216847
2250143216766
2250143216717
2250143216509
2250143216435
2250143216345
2250143216300
2250143216283
2250143216051
2250143216046
2250143216018
2250143216016
2250143215881
2250143215860
2250143215833
2250143215537
2250143215287
2250143215279
2250143215149
2250143215098
2250143215076
2250143214891
2250143214854
2250143214616
2250143214524
2250143214405
2250143214292
2250143214283
2250143214191
2250143214143
2250143214106
2250143213530
2250143213179
2250143213124
2250143212963
2250143212924
2250143212592
2250143212517
2250143212424
2250143212280
2250143212236
2250143212184
2250143212163
2250143212146
2250143212034
2250143211996
2250143211839
2250143211744
2250143211738
2250143211720
2250143211674
2250143211601
2250143211443
2250143211318
2250143211226
2250143211214
2250143211138
2250143211032
2250143211003
2250143210982
2250143210932
2250143210908
2250143210760
2250143210710
2250143210589
2250143210495
2250143210465
2250143210362
2250143210334
2250143210317
2250143210047
2250102129903
2250102129816
2250102129664
2250102129654
2250102129602
2250102129476
2250102129447
2250102129238
2250102129036
2250102129019
2250102128785
2250102128761
2250102128418
2250102128397
2250102128286
2250102128281
2250102128264
2250102128244
2250102128236
2250102128222
2250102128220
2250102128196
2250102127867
2250102127781
2250102127754
2250102127627
2250102127532
2250102127487
2250102127424
2250102127364
2250102127280
2250102127242
2250102127192
2250102127103
2250102126943
2250102126711
2250102126494
2250102126491
2250102126349
2250102126309
2250102126296
2250102126170
2250102126128
2250102126046
2250102125737
2250102125715
2250102125705
2250102125429
2250102125255
2250102125116
2250102125072
2250102124719
2250102124568
2250102124536
2250102124510
2250102124239
2250102124042
2250102124028
2250102124016
2250102123998
2250102123735
2250102123623
2250102123620
2250102123503
2250102123248
2250102123199
2250102123113
2250102123002
2250102123000
2250102122729
2250102122704
2250102122669
2250102122516
2250102122457
2250102122442
2250102122329
2250102122318
2250102122315
2250102122196
2250102122134
2250102121816
2250102121570
2250102121521
2250102121490
2250102121479
2250102121344
2250102121286
2250102121260
2250102120978
2250102120868
2250102120811
2250102120624
2250102120392
2250102120328
2250102120309
2250102120239
2250102120234
2250102120200
2250102120095
2250102120010