2250172660349
2250172668929
2250172663219
2250172663497
2250172666538
2250172664187
2250172663623
2250172665723
2250172668089
2250172662821
2250172665643
2250172667410
2250172669950
2250172665367
2250172669891
2250172667223
2250172662986
2250172668165
2250172669255
2250172669968
2250172666247
2250172666648
2250172660611
2250172662186
2250172662221
2250172667507
2250172663524
2250172665207
2250172665746
2250172663725
2250172666949
2250172663791
2250172661073
2250172661789
2250172668140
2250172666865
2250172668125
2250172667072
2250172665954
2250172664705
2250172668450
2250172668881
2250172660651
2250172667205
2250172665769
2250172667126
2250172667807
2250172668558
2250172668556
2250172662631
2250172668535
2250172668979
2250172661500
2250172660625
2250172665731
2250172662138
2250172665549
2250172669438
2250172668510
2250172661946
2250172664254
2250172661723
2250172662983
2250172664387
2250172661304
2250172662933
2250172667966
2250172666975
2250172662849
2250172666705
2250172660494
2250172665338
2250172669555
2250172665086
2250172662728
2250172668488
2250172662301
2250172663124
2250172662411
2250172668145
2250172663243
2250172660258
2250172660990
2250172664691
2250172666238
2250172669535
2250172668383
2250172660087
2250172667865
2250172662447
2250172661579
2250172668785
2250172668041
2250172662868
2250172661491
2250172666566
2250172661713
2250172663737
2250172662534
2250172666814
2250173221486
2250173227674
2250173227670
2250173220031
2250173226304
2250173221852
2250173220793
2250173224500
2250173221820
2250173222658
2250173228868
2250173225276
2250173220271
2250173225396
2250173227585
2250173226786
2250173225119
2250173220107
2250173226251
2250173224896
2250173228522
2250173224111
2250173222300
2250173227437
2250173221263
2250173228759
2250173224248
2250173220784
2250173228579
2250173228029
2250173223226
2250173221478
2250173229974
2250173220953
2250173228156
2250173222344
2250173226229
2250173227137
2250173220347
2250173227571
2250173220137
2250173224983
2250173226570
2250173228812
2250173220805
2250173226414
2250173223042
2250173229103
2250173229684
2250173224858
2250173225760
2250173221814
2250173222468
2250173228847
2250173220530
2250173221338
2250173229812
2250173224505
2250173227374
2250173222084
2250173220503
2250173224155
2250173223429
2250173223135
2250173228610
2250173227615
2250173222745
2250173222961
2250173221746
2250173221685
2250173223631
2250173226503
2250173220573
2250173226731
2250173226246
2250173226803
2250173228584
2250173226515
2250173224933
2250173227390
2250173228795
2250173223821
2250173220806
2250173221639
2250173223981
2250173229502
2250173227891
2250173220909
2250173226775
2250173220476
2250173226652
2250173223131
2250173229796
2250173224846
2250173220286
2250173222792
2250173228308
2250173220923
2250173222360
2250173221573
93795158034
93795153439
93795153137
93795159327
93795159816
93795155085
93795151022
93795151304
93795156522
93795153070
93795154978
93795151272
93795152200
93795151024
93795158645
93795159565
93795152215
93795159148
93795151628
93795156775
93795152369
93795152904
93795151432
93795159872
93795156193
93795155896
93795156976
93795153969
93795150421
93795151324
93795154052
93795159134
93795155711
93795155772
93795156602
93795154817
93795153069
93795157476
93795155869
93795157962
93795153740
93795156174
93795159928
93795150443
93795155930
93795158812
93795152271
93795159906
93795156670
93795153749
93795150122
93795157365
93795155814
93795153572
93795155851
93795151743
93795151800
93795158221
93795158297
93795153053
93795157987
93795159218
93795150525
93795151762
93795153236
93795151246
93795154258
93795158442
93795156275
93795151851
93795155041
93795154591
93795157183
93795156183
93795159674
93795152475
93795156242
93795152123
93795152400
93795157336
93795152571
93795158785
93795150870
93795151845
93795157986
93795155800
93795157272
93795159765
93795158996
93795150492
93795153875
93795151951
93795156691
93795155847
93795153318
93795153889
93795156148
93795150517
93795157194
93795153502
2250799522073
2250799526479
2250799526188
2250799524001
2250799528375
2250799528038
2250799521747
2250799526739
2250799524627
2250799523278
2250799523748
2250799525667
2250799526886
2250799526524
2250799524080
2250799524152
2250799525018
2250799529603
2250799527618
2250799528254
2250799526239
2250799528956
2250799526929
2250799526000
2250799520136
2250799527658
2250799524208
2250799524588
2250799526105
2250799529451
2250799525699
2250799524465
2250799527628
2250799527090
2250799523355
2250799528524
2250799520637
2250799522427
2250799526475
2250799523108
2250799529485
2250799529720
2250799527009
2250799525920
2250799529773
2250799520822
2250799529979
2250799529899
2250799523293
2250799524346
2250799525069
2250799523823
2250799522438
2250799522143
2250799529506
2250799520298
2250799527789
2250799525530
2250799521227
2250799524099
2250799529323
2250799522363
2250799529282
2250799529580
2250799524464
2250799524141
2250799528317
2250799526534
2250799528156
2250799522814
2250799525204
2250799529388
2250799527691
2250799527560
2250799526671
2250799528772
2250799520044
2250799526694
2250799529109
2250799525400
2250799522008
2250799525845
2250799525736
2250799524924
2250799522046
2250799526256
2250799529461
2250799527844
2250799527944
2250799529447
2250799523007
2250799520506
2250799520689
2250799524885
2250799523032
2250799524897
2250799526888
2250799522805
2250799528821
2250799528365
2250142293334
2250142297409
2250142294642
2250142293369
2250142295859
2250142294619
2250142293700
2250142299683
2250142295044
2250142298484
2250142297784
2250142294791
2250142290508
2250142296320
2250142293187
2250142298224
2250142297142
2250142296154
2250142293470
2250142293549
2250142296391
2250142297081
2250142291173
2250142296194
2250142299139
2250142291276
2250142295747
2250142290213
2250142296480
2250142296373
2250142291352
2250142295121
2250142291075
2250142296524
2250142291205
2250142298193
2250142297231
2250142298130
2250142295411
2250142297415
2250142295589
2250142296890
2250142292499
2250142293836
2250142293318
2250142293882
2250142296429
2250142296181
2250142297341
2250142292002
2250142293466
2250142298613
2250142297993
2250142293845
2250142297036
2250142299201
2250142290574
2250142290960
2250142290736
2250142291940
2250142299747
2250142291990
2250142297718
2250142291288
2250142293158
2250142292065
2250142297194
2250142291661
2250142296997
2250142291651
2250142299807
2250142290663
2250142292400
2250142299865
2250142298091
2250142292296
2250142296646
2250142290050
2250142299245
2250142295585
2250142294911
2250142297249
2250142296478
2250142290273
2250142290598
2250142290587
2250142297012
2250142295726
2250142299791
2250142298156
2250142292768
2250142293053
2250142292312
2250142298398
2250142294016
2250142298910
2250142291457
2250142292871
2250142298349
2250142297058
2250172383320
2250172389017
2250172380904
2250172384046
2250172384069
2250172386588
2250172383827
2250172384230
2250172383788
2250172383733
2250172388486
2250172386353
2250172387436
2250172389114
2250172385851
2250172387618
2250172389281
2250172385089
2250172381990
2250172384084
2250172387044
2250172383013
2250172388548
2250172382794
2250172389997
2250172387831
2250172384922
2250172387438
2250172380193
2250172385061
2250172383537
2250172381890
2250172383044
2250172386698
2250172387580
2250172381612
2250172380066
2250172387290
2250172388586
2250172389742
2250172386171
2250172389359
2250172381009
2250172384147
2250172380933
2250172382234
2250172385227
2250172382248
2250172381529
2250172384575
2250172389101
2250172385130
2250172388251
2250172385310
2250172387487
2250172384860
2250172389810
2250172389663
2250172387491
2250172386178
2250172386227
2250172381164
2250172388151
2250172386126
2250172385502
2250172380075
2250172384992
2250172385947
2250172387786
2250172380029
2250172382936
2250172386119
2250172381171
2250172384864
2250172386911
2250172386379
2250172387490
2250172387828
2250172387008
2250172384732
2250172387741
2250172384095
2250172387243
2250172387904
2250172386490
2250172384053
2250172388360
2250172386743
2250172385031
2250172381100
2250172386497
2250172385059
2250172389276
2250172386122
2250172387272
2250172381751
2250172383179
2250172382840
2250172384099
2250172381605
2250160951205
2250160955709
2250160959237
2250160953934
2250160950538
2250160959210
2250160958906
2250160958817
2250160958416
2250160950594
2250160953143
2250160955180
2250160951441
2250160951726
2250160959205
2250160957271
2250160951902
2250160954585
2250160952229
2250160955068
2250160953194
2250160956241
2250160953248
2250160950723
2250160955950
2250160955364
2250160952409
2250160952775
2250160955479
2250160959363
2250160952926
2250160953049
2250160954899
2250160952845
2250160954295
2250160955257
2250160956593
2250160954792
2250160957852
2250160955272
2250160950695
2250160950353
2250160955570
2250160956759
2250160950853
2250160956938
2250160958930
2250160950964
2250160950649
2250160951739
2250160952219
2250160957248
2250160957735
2250160952042
2250160957584
2250160953498
2250160953776
2250160959208
2250160955645
2250160951728
2250160955087
2250160957599
2250160958251
2250160959365
2250160956604
2250160956920
2250160958707
2250160958404
2250160956773
2250160959239
2250160952822
2250160957811
2250160950372
2250160950688
2250160956118
2250160953521
2250160951996
2250160954460
2250160954313
2250160953667
2250160956996
2250160952864
2250160953507
2250160951903
2250160954331
2250160954410
2250160957911
2250160950153
2250160958944
2250160951979
2250160950385
2250160957709
2250160951396
2250160956232
2250160951042
2250160954107
2250160959859
2250160957648
2250160955384
2250160958624
2250170349465
2250170341979
2250170340379
2250170340217
2250170348716
2250170348429
2250170343669
2250170343434
2250170346087
2250170345470
2250170347609
2250170347208
2250170343338
2250170340091
2250170345702
2250170346465
2250170347646
2250170349886
2250170349644
2250170342421
2250170347689
2250170346162
2250170344656
2250170348062
2250170341346
2250170349044
2250170343893
2250170349312
2250170346357
2250170349291
2250170345149
2250170345688
2250170342664
2250170348091
2250170344730
2250170343934
2250170341765
2250170344548
2250170346400
2250170346844
2250170344827
2250170342117
2250170344645
2250170342426
2250170342091
2250170345019
2250170342077
2250170347291
2250170343882
2250170345894
2250170344009
2250170342418
2250170348146
2250170348894
2250170343895
2250170345100
2250170346961
2250170349855
2250170347634
2250170348718
2250170348788
2250170347545
2250170344985
2250170341007
2250170347900
2250170343181
2250170348260
2250170346482
2250170344567
2250170344375
2250170344131
2250170348943
2250170343283
2250170343898
2250170344280
2250170349722
2250170349295
2250170340936
2250170340374
2250170340813
2250170340771
2250170344956
2250170340157
2250170344558
2250170347721
2250170349851
2250170347262
2250170348947
2250170345659
2250170345040
2250170346254
2250170349042
2250170347329
2250170347124
2250170342016
2250170344831
2250170340330
2250170346583
2250170349629
2250170347056